
strategic_region={
	id=11
	name="STRATEGICREGION_11"
	provinces={
		10 14 21 27 53 65 100 102 107 111 115 122 133 137 144 179 188 199 3007 3018 3021 3022 3049 3059 3090 3093 3094 3096 3098 3105 3114 3129 3136 3171 3180 3183 3188 3192 6038 6041 6042 6072 6080 6114 6115 6116 6118 6136 6145 6151 6160 6173 6176 6184 6204 6216 9032 9036 9047 9069 9096 9103 9127 9132 9135 9139 9157 9170 9174 9196 9204 9216 9227 9296 11028 11029 11037 11078 11100 11101 11113 11118 11135 11151 11173 11176 11184 11198 11206 11367 
	}
	weather={
	}
}
