
strategic_region={
	id=112
	name="STRATEGICREGION_112"
	provinces={
		639 1000 1219 1443 1670 1895 2113 2234 2260 2286 2313 2337 2362 2386 2426 2450 2475 2501 2524 2548 2572 2598 2624 2647 2673 2698 2746 2769 2841 4039 4263 4489 4712 5550 5561 5574 5651 5676 5702 5728 5754 5780 5806 5832 5858 5882 5884 5907 5931 5955 5979 6002 6059 6266 6466 6654 6848 7052 7277 7504 7729 7956 8167 8276 8302 8328 8354 8381 8406 8430 8456 8484 8511 8567 8590 8615 8907 
	}
	naval_terrain=water_deep_ocean
	weather={
	}
}
