
strategic_region={
	id=118
	name="STRATEGICREGION_118"
	provinces={
		505 528 610 677 710 766 768 781 823 941 986 1320 1414 1432 1562 1601 1651 1690 3471 3513 3588 3644 3677 3678 3784 3840 4274 4296 4328 4331 4347 4380 4398 4518 4657 4727 4747 4826 6482 6665 6681 6694 6699 6745 6757 6772 6861 6876 6881 7255 7315 7386 7398 7414 7442 7517 7667 7721 7865 7986 9637 9671 9697 9713 9730 9814 9855 9911 10151 10155 10157 10159 10183 10198 10242 10271 10305 10327 10387 10483 10625 10687 10690 10693 11495 11658 11698 11733 11757 11763 11795 11859 11876 12155 12183 12211 12214 12281 12303 12374 12553 12673 
	}
	weather={
	}
}
