
strategic_region={
	id=121
	name="STRATEGICREGION_121"
	provinces={
		373 490 602 605 722 749 774 777 779 983 1299 1341 1356 1426 1657 1712 1764 1769 1782 1785 3208 3605 3608 3635 3640 3661 3691 3763 3775 3778 3911 4270 4419 4666 4720 4769 4775 4784 4787 4869 4875 6510 6607 6610 6625 6630 6662 6676 6740 6797 7364 7366 7435 7683 7758 7788 7794 7807 7810 7813 7875 7893 7899 9467 9480 9580 9583 9585 9634 9667 9711 9740 9743 10176 10249 10534 10621 10700 10715 10718 11567 11569 11571 11585 11602 11682 11695 11725 11728 11902 12147 12205 12223 12276 12278 12503 12505 12582 12600 12680 12698 12701 13094 13156 13159 13160 13161 13162 13164 13165 13166 13180 13181 13184 13186 13196 
	}
	weather={
	}
}
