
strategic_region={
	id=122
	name="STRATEGICREGION_122"
	provinces={
		515 736 761 763 917 1262 1323 1347 1393 1408 1411 1671 1737 1763 1788 1799 1804 1848 1858 1872 1873 2407 2947 2976 3010 3481 3498 3606 3706 3721 3736 3769 3800 4218 4272 4343 4385 4413 4426 4428 4678 4695 4739 4753 4765 4790 4870 4872 4877 5119 5239 5403 6726 6728 6754 6779 7185 7348 7677 7696 7718 7753 7761 7766 7782 7787 7820 7830 7853 7858 7869 7891 7901 8653 8962 9615 9669 10228 10258 10273 10527 10548 10552 10585 10605 10611 10644 10656 10684 10703 10721 11440 12145 12166 12231 12508 12534 12571 12578 12593 12603 12636 12663 12682 12688 13075 13163 13167 13168 13182 13183 13185 13187 13188 13189 13190 13191 13192 
	}
	weather={
	}
}
