
strategic_region={
	id=125
	name="STRATEGICREGION_125"
	provinces={
		1446 1524 1529 1583 2109 2111 2132 2150 2153 2164 2167 2168 2175 2178 2181 2185 2190 2214 2218 2227 2228 4533 4548 4570 4587 4617 5107 5112 5115 5148 5151 5153 5156 5167 5168 5172 5174 5178 5182 5186 5194 5200 5204 5208 5218 5220 5223 7476 7553 7561 7589 7636 8129 8140 8143 8148 8177 8179 8181 8184 8189 8190 8196 8197 8210 8224 8226 8227 8233 8239 8242 10345 10360 10392 10405 10419 10432 10513 10874 10926 10931 10933 10939 10945 10946 10947 10959 10967 10980 10984 10989 10994 10998 10999 11002 11003 11008 12334 12422 12438 12466 12479 12853 12903 12909 12913 12923 12933 12937 12938 12947 12951 12959 12961 12972 12977 12987 12996 12999 
	}
	weather={
	}
}
