
strategic_region={
	id=131
	name="STRATEGICREGION_131"
	provinces={
		215 216 223 236 246 274 288 289 294 304 306 315 323 331 335 342 343 352 360 371 382 386 398 3203 3210 3219 3226 3247 3263 3267 3278 3279 3293 3297 3306 3308 3313 3331 3335 3345 3350 3362 3364 3377 3378 3390 3507 3759 6220 6232 6233 6243 6249 6252 6273 6292 6305 6319 6326 6330 6344 6354 6365 6371 6373 6386 6387 6411 6556 9241 9247 9249 9253 9261 9272 9288 9289 9301 9318 9323 9342 9351 9371 9382 9396 9399 9554 11216 11220 11229 11230 11235 11241 11254 11271 11284 11290 11298 11300 11313 11322 11325 11336 11353 11355 11369 11370 11383 11384 11453 
	}
	weather={
	}
}
