
strategic_region={
	id=137
	name="STRATEGICREGION_137"
	provinces={
		227 298 326 338 339 353 365 393 410 432 433 449 452 464 468 470 477 483 484 487 497 498 499 500 508 509 518 520 533 544 545 554 566 576 578 579 615 1210 1254 1290 1318 1350 1378 3216 3265 3304 3316 3330 3343 3357 3385 3404 3406 3426 3431 3459 3465 3467 3477 3478 3486 3489 3490 3502 3503 3505 3515 3517 3518 3519 3529 3538 3539 3540 3551 3555 3563 3578 3582 3618 3622 4322 4324 4351 6275 6328 6339 6366 6379 6404 6424 6430 6450 6454 6473 6479 6491 6492 6498 6502 6503 6506 6514 6515 6523 6525 6527 6528 6539 6541 6544 6551 6563 6564 6566 6574 6575 6588 6601 6602 6615 7322 7343 7438 9243 9271 9299 9326 9337 9352 9365 9391 9420 9432 9436 9442 9445 9447 9453 9459 9460 9462 9464 9469 9473 9474 9475 9487 9488 9502 9504 9513 9516 9526 9528 9530 9538 9540 9549 9564 9565 9577 10299 11225 11256 11281 11308 11321 11348 11377 11395 11408 11421 11423 11433 11442 11447 11449 11451 11455 11457 11458 11459 11460 11469 11472 11473 11474 11476 11480 11482 11484 11485 11501 11510 11512 11523 11524 11527 11537 11538 11551 11552 11555 11578 11591 12128 12242 12270 12298 
	}
	weather={
	}
}
