
strategic_region={
	id=14
	name="STRATEGICREGION_14"
	provinces={
		307 1233 1292 1294 1327 1387 1543 1659 1704 1709 1744 1750 1771 1775 1800 1808 1812 1821 1835 1841 1880 3472 4209 4242 4659 4700 4710 4715 4746 4754 4774 4780 4813 4824 4846 6787 7228 7285 7681 7733 7768 7774 7778 7796 7800 7833 7846 7867 7895 9292 9512 9553 10133 10170 10189 10213 10542 10568 10592 10600 10604 10620 10626 10648 10659 10670 10696 10716 10720 12102 12106 12157 12287 12390 12521 12546 12567 12580 12584 12602 12630 12652 12696 12700 
	}
	weather={
	}
}
