
strategic_region={
	id=140
	name="STRATEGICREGION_140"
	provinces={
		1891 1909 1932 1951 1969 1975 1992 2001 2012 2025 2038 2044 2050 2056 2094 2100 4889 4927 4938 4948 4952 4957 4972 4989 4997 5013 5028 5039 5045 5070 5101 7930 7950 7954 7959 7972 7978 7983 8006 8008 8015 8021 8034 8039 8065 8071 8096 8109 8116 8122 10762 10788 10803 10812 10820 10829 10831 10836 10862 10915 10919 12707 12710 12731 12742 12747 12751 12762 12785 12787 12794 12802 12817 12834 12838 12843 12851 12858 12874 12891 12900 13136 13212 13213 
	}
	weather={
	}
}
