
strategic_region={
	id=154
	name="STRATEGICREGION_154"
	provinces={
		993 998 1020 1024 1025 1051 1063 1067 1092 1097 1113 1117 1133 1136 1158 1165 1167 1182 1183 1191 1512 1642 3848 3962 4000 4027 4054 4067 4069 4094 4100 4102 4118 4122 4142 4153 4164 4172 4179 4184 4188 4197 4198 4576 4646 6870 6873 6994 7016 7046 7050 7072 7087 7102 7110 7113 7145 7157 7169 7178 7187 7197 7212 7217 7532 7595 9807 9859 9865 9950 9952 9965 9968 9985 9998 10011 10015 10020 10032 10052 10055 10092 10100 10125 10128 10444 10512 11847 11908 11925 11930 11946 11949 11960 11985 11989 11997 12006 12007 12028 12031 12032 12056 12072 12097 12352 12421 12493 
	}
	weather={
	}
}
