
strategic_region={
	id=189
	name="STRATEGICREGION_189"
	provinces={
		1014 1082 1142 1170 1197 1296 1315 1330 1333 1385 1403 1417 1492 1566 1607 1650 1934 2061 3651 3999 4019 4059 4087 4147 4175 4202 4210 4275 4293 4318 4336 4408 4425 4454 4541 4559 4585 4588 4626 4654 4937 4996 5009 7034 7122 7163 7190 7254 7295 7382 7400 7441 7469 7534 7562 7603 7647 7909 7965 7974 7976 8063 8126 10033 10154 10182 10217 10223 10267 10283 10344 10386 10413 10486 10863 10920 11966 12090 12125 12127 12197 12238 12256 12267 12284 12292 12317 12335 12363 12404 12449 12464 12492 12789 12898 
	}
	weather={
	}
}
