
strategic_region={
	id=19
	name="STRATEGICREGION_19"
	provinces={
		454 485 503 512 521 527 539 542 549 551 553 575 648 667 678 680 698 817 1346 3402 3447 3476 3493 3495 3506 3509 3523 3533 3534 3536 3546 3549 3552 3560 3579 3629 3646 3652 3666 3669 3671 3681 3758 5291 6449 6504 6518 6529 6531 6533 6536 6545 6547 6548 6569 6572 6585 6599 6688 6698 6949 9434 9472 9478 9490 9492 9495 9500 9503 9505 9507 9510 9523 9525 9534 9550 9559 9561 9578 9609 9625 9642 9644 9658 9725 9867 11420 11463 11465 11483 11488 11491 11502 11506 11508 11516 11518 11521 11535 11548 11549 11563 11606 11611 11613 11616 11628 11631 11642 11732 13011 
	}
	weather={
	}
}
