
strategic_region={
	id=192
	name="STRATEGICREGION_192"
	provinces={
		11 46 49 58 61 77 101 109 113 114 118 125 130 145 148 151 156 168 182 184 190 201 202 205 3003 3005 3039 3044 3045 3054 3062 3070 3095 3100 3104 3108 3111 3113 3138 3148 3162 3173 3179 3191 6010 6023 6024 6055 6063 6067 6074 6083 6093 6123 6125 6126 6129 6132 6147 6152 6155 6161 6165 6168 6170 6185 6200 6206 6207 6208 9035 9051 9066 9068 9083 9088 9093 9095 9108 9117 9134 9141 9143 9147 9148 9151 9154 9171 9173 9175 9178 9182 9186 9193 9211 9220 9226 9229 11026 11040 11049 11052 11053 11058 11060 11067 11069 11073 11091 11102 11112 11116 11120 11123 11129 11147 11148 11152 11155 11185 11187 11190 11197 11201 11208 11209 13099 13117 13119 
	}
	weather={
	}
}
