
strategic_region={
	id=194
	name="STRATEGICREGION_194"
	provinces={
		1472 1501 1514 1537 1557 1570 1611 1644 1667 1759 1773 1861 2114 2116 2130 2146 2155 2163 2166 2183 2187 2189 4453 4478 4481 4500 4502 4505 4517 4520 4530 4546 4560 4632 4648 4658 4673 4763 4776 4791 4836 4864 5134 5161 5181 5187 5198 5227 7450 7471 7496 7506 7520 7522 7525 7533 7535 7538 7564 7566 7592 7610 7649 7651 7664 7666 7755 7798 7811 7859 8230 8234 8249 10338 10350 10365 10378 10388 10427 10430 10445 10455 10458 10460 10475 10487 10500 10553 10581 10622 10637 10665 10682 10941 10977 11006 11019 12308 12354 12367 12377 12382 12406 12411 12424 12435 12451 12532 12560 12576 12645 12910 12918 12924 12932 12934 12949 12957 12968 
	}
	weather={
	}
}
