
strategic_region={
	id=198
	name="STRATEGICREGION_198"
	provinces={
		659 689 691 695 703 709 720 751 827 831 870 882 913 926 954 971 1441 1445 1453 1503 1523 1527 1528 1534 1559 1560 1564 1582 1586 1595 1604 1615 1621 1643 1646 1655 1678 1719 1734 1758 1760 1770 1831 1849 1866 1867 1881 1987 3685 3699 3766 3829 3853 3872 4029 4166 4402 4437 4442 4444 4449 4452 4464 4507 4508 4510 4522 4527 4531 4535 4540 4565 4567 4569 4590 4597 4601 4625 4650 4664 4691 4738 4807 4834 4854 4988 5205 6696 6710 6713 6737 6752 6767 6769 6782 6827 6855 6874 6890 6974 7306 7420 7449 7458 7464 7485 7524 7528 7536 7539 7543 7547 7551 7552 7555 7586 7599 7607 7611 7615 7626 7668 7776 7791 7797 7829 7831 7896 8014 8083 8110 9450 9653 9654 9657 9678 9682 9684 9724 9727 9746 9747 9760 9775 9796 9808 9810 9825 9880 9892 9910 10233 10281 10303 10333 10339 10341 10355 10370 10391 10393 10410 10448 10449 10457 10461 10477 10478 10516 10526 10586 10599 10615 10618 10657 10666 10717 10719 10727 10753 10824 10909 11589 11621 11635 11637 11641 11656 11667 11669 11685 11714 11717 11731 11760 11776 11788 11791 11890 11971 12305 12312 12313 12328 12346 12357 12361 12365 12368 12398 12401 12418 12429 12437 12456 12458 12463 12489 12497 12501 12550 12568 12577 12588 12597 12637 12646 12670 12693 12697 12709 12778 13154 13155 13199 13200 13201 
	}
	weather={
	}
}
