
strategic_region={
	id=20
	name="STRATEGICREGION_20"
	provinces={
		590 595 620 625 629 641 651 655 669 743 752 755 760 762 764 769 778 780 911 929 943 956 958 3589 3594 3598 3621 3626 3650 3655 3659 3740 3749 3751 3754 3762 3764 3768 3770 3771 3915 3928 3946 3948 3959 3961 6609 6613 6618 6621 6639 6644 6648 6651 6657 6668 6759 6762 6766 6770 6773 6775 6777 6784 6786 6789 6792 6915 6917 6931 6960 6962 6975 9590 9593 9597 9603 9607 9629 9631 9710 9717 9723 9728 9732 9734 9736 9737 9745 9748 9751 9853 9882 9884 9898 9909 11565 11573 11576 11582 11593 11596 11600 11697 11699 11702 11709 11711 11713 11716 11718 11720 11794 11834 11849 11869 11875 11877 12169 
	}
	weather={
	}
}
