
strategic_region={
	id=24
	name="STRATEGICREGION_24"
	provinces={
		591 596 599 606 614 619 624 630 665 797 833 867 907 914 937 953 974 982 984 3448 3592 3596 3601 3609 3614 3617 3623 3627 3631 3654 3833 3865 3868 3882 3884 3896 3922 3924 3939 3943 3956 3974 3984 3985 6611 6614 6619 6626 6634 6643 6647 6650 6672 6799 6886 6889 6900 6913 6940 6942 6953 6957 6970 6983 6998 9586 9588 9591 9595 9596 9599 9602 9608 9611 9621 9627 9756 9780 9809 9821 9849 9874 9875 9890 9894 9906 9914 9922 11564 11572 11574 11577 11580 11581 11583 11586 11594 11595 11735 11741 11762 11767 11787 11816 11845 11856 11858 11872 11887 11899 11901 11868 11857 11832 13219 
	}
	weather={
	}
}
