
strategic_region={
	id=26
	name="STRATEGICREGION_26"
	provinces={
		414 565 577 637 649 657 660 674 687 723 744 793 818 878 893 935 949 965 3076 3407 3577 3630 3636 3639 3645 3663 3701 3704 3707 3724 3728 3741 3796 3819 3908 3937 3952 3971 6584 6600 6652 6658 6667 6677 6695 6706 6727 6729 6743 6747 6761 6814 6842 6857 6923 6952 6967 6982 9548 9610 9612 9614 9617 9635 9651 9683 9701 9716 9769 9771 9783 9818 9862 9888 9902 9919 11534 11588 11597 11603 11605 11619 11636 11652 11655 11657 11672 11686 11689 11705 11754 11813 
	}
	weather={
	}
}
