
strategic_region={
	id=31
	name="STRATEGICREGION_31"
	provinces={
		1059 1101 1213 1228 1238 1268 1273 1275 1317 1321 1344 1349 1359 1381 1405 1409 1412 1430 1538 1579 1622 4072 4104 4219 4237 4278 4280 4291 4315 4321 4327 4344 4353 4365 4395 4414 4416 4420 4472 4513 5019 5032 5063 5104 7013 7060 7090 7119 7177 7232 7244 7250 7260 7265 7288 7297 7310 7340 7344 7363 7372 7391 7395 7402 7411 7428 7436 7447 7465 8011 8067 8087 8100 9946 10001 10019 10060 10088 10116 10130 10149 10152 10171 10190 10201 10208 10210 10229 10246 10255 10259 10270 10274 10278 10287 10296 10311 10324 10428 10469 10511 10756 10799 10808 10897 11924 11950 11978 12063 12105 12114 12142 12146 12164 12180 12182 12208 12226 12241 12247 12258 12269 12275 12295 12462 12490 12734 12779 
	}
	weather={
	}
}
