
strategic_region={
	id=39
	name="STRATEGICREGION_39"
	provinces={
		233 277 290 318 347 358 400 406 422 438 474 491 513 535 536 560 572 3254 3256 3281 3309 3320 3366 3392 3393 3412 3483 3496 3521 3556 3559 3562 3743 6280 6306 6340 6359 6413 6415 6431 6435 6460 6483 6484 6520 6546 6557 6579 6580 9236 9274 9295 9304 9341 9359 9425 9452 9454 9468 9494 9520 9521 9544 9558 11247 11274 11285 11301 11329 11341 11342 11357 11391 11399 11411 11427 11441 11466 11479 11503 11528 11543 11550 13206 
	}
	weather={
	}
}
