
strategic_region={
	id=40
	name="STRATEGICREGION_40"
	provinces={
		31 45 73 88 112 119 123 146 175 189 206 228 260 272 273 282 286 291 292 305 325 345 355 359 370 372 381 390 392 403 404 1258 1278 1305 1336 1365 1380 1754 3004 3017 3027 3041 3066 3102 3103 3112 3127 3139 3146 3167 3177 3186 3196 3197 3214 3246 3251 3264 3269 3270 3276 3282 3289 3294 3300 3315 3328 3334 3348 3361 3363 3365 3372 3382 3394 4283 4314 4326 4354 4356 4372 4400 4802 6025 6089 6110 6124 6133 6162 6171 6191 6213 6217 6224 6226 6246 6253 6274 6278 6285 6288 6294 6297 6302 6307 6308 6312 6323 6337 6338 6352 6357 6368 6372 6383 6388 6394 6403 7237 7346 7359 7375 7403 7416 7431 7444 9050 9065 9114 9146 9155 9172 9180 9192 9214 9232 9244 9259 9270 9280 9283 9293 9305 9307 9336 9338 9349 9354 9370 9373 9381 9385 9390 9401 9402 9514 10200 10226 10286 10301 10314 11025 11051 11087 11110 11111 11124 11133 11149 11158 11170 11192 11193 11195 11228 11243 11255 11263 11273 11286 11292 11319 11320 11339 11352 11354 11356 11365 11373 11387 11389 11496 12130 12172 12175 12187 12203 12216 12244 12527 12587 12626 
	}
	weather={
	}
}
