
strategic_region={
	id=60
	name="STRATEGICREGION_60"
	provinces={
		19 34 224 240 440 622 623 816 1022 1226 1241 1451 1466 1677 1692 1917 2128 2188 2235 2242 2262 2268 2288 2294 2314 2338 2344 2363 2370 2387 2417 2441 2465 2491 2515 2538 2562 2579 2588 2615 2639 2665 2690 2715 2738 2761 2786 2810 2834 2858 2883 2905 2906 2929 2930 2953 2954 2980 3024 3223 3429 3620 3813 4020 4021 4244 4471 4967 5492 5542 5567 5592 5618 5644 5669 5695 5721 5747 5799 5825 5874 5875 5901 5924 5948 5972 5995 8489 8516 8541 8564 8587 8611 8748 8844 8894 8940 9048 13019 
	}
	naval_terrain=water_deep_ocean
	weather={
	}
}
