
strategic_region={
	id=64
	name="STRATEGICREGION_64"
	provinces={
		9 41 249 446 631 824 1030 1249 1475 1699 1924 2134 2244 2245 2270 2271 2296 2322 2323 2346 2396 2421 2445 2470 2496 2520 2543 2567 2580 2593 2606 2632 2655 2669 2681 2705 2742 2790 2837 2862 2886 2933 2957 2983 3032 3233 3437 3822 5249 5470 5496 5522 5546 5596 5854 5903 5975 5998 7679 8478 8491 8531 8553 8576 8641 8654 8680 8705 8731 8755 8778 8801 8814 8827 8853 8878 8902 8926 8949 8974 8997 9021 9070 10995 12960 
	}
	naval_terrain=water_deep_ocean
	weather={
	}
}
