
strategic_region={
	id=66
	name="STRATEGICREGION_66"
	provinces={
		42 213 250 416 447 597 632 791 825 995 1031 1250 1476 1700 1925 2297 2347 2372 2397 2422 2471 2497 2521 2544 2594 2620 2643 2694 2719 2731 2754 2765 2778 2801 2814 5274 5301 5327 5350 5372 5545 5570 5708 5734 5787 5839 6256 6457 6646 6840 7043 7268 7494 7720 7947 8159 8272 8298 8324 8350 8451 8452 8464 8479 8480 8506 8507 8532 8554 8555 8577 8578 8601 8602 8629 8630 8655 8656 8667 8716 8718 8744 8779 8854 8879 8903 8927 8950 8975 8998 9022 9071 
	}
	naval_terrain=water_deep_ocean
	weather={
	}
}
