
strategic_region={
	id=7
	name="STRATEGICREGION_7"
	provinces={
		519 529 532 561 563 564 571 586 587 589 692 694 707 708 3299 3397 3423 3444 3474 3512 3524 3530 3541 3547 3558 3571 3574 3679 3688 3690 3692 3705 6421 6444 6469 6488 6540 6542 6549 6555 6568 6570 6581 6594 6693 6712 6725 6934 9416 9482 9486 9515 9517 9522 9524 9545 9547 9557 9572 9575 9652 9655 9666 9681 11404 11417 11435 11445 11470 11486 11494 11497 11499 11529 11531 11533 11544 11547 11560 11620 11638 11640 11653 13116 13126 
	}
	weather={
	}
}
