
strategic_region={
	id=74
	name="STRATEGICREGION_74"
	provinces={
		3428 3619 3812 4916 5323 5346 5368 5393 5417 5464 5490 5516 5540 5565 5590 5616 5642 5667 5693 5719 6447 6448 6636 6815 6829 7031 7257 7483 7709 7710 7937 8153 8154 8269 8295 8321 8345 8346 8374 8398 8399 8424 8448 8475 8476 8495 8502 8521 8527 8528 8551 8552 8574 8575 8598 8599 8617 8645 8651 8652 8703 8722 8729 8753 8776 8799 8824 8850 8851 8876 8877 8900 8901 8925 8947 8964 
	}
	naval_terrain=water_deep_ocean
	weather={
	}
}
