
strategic_region={
	id=8
	name="STRATEGICREGION_8"
	provinces={
		268 293 321 349 375 425 444 478 479 482 514 537 538 552 573 3207 3258 3283 3312 3340 3367 3438 3473 3485 3499 3500 3510 3514 3522 3535 3545 3561 3572 6236 6282 6309 6334 6390 6441 6462 6487 6501 6512 6521 6524 6534 6559 6582 6595 9252 9277 9294 9306 9334 9361 9387 9388 9428 9441 9456 9457 9470 9471 9496 9497 9511 9535 9560 9570 11219 11260 11276 11288 11305 11316 11343 11359 11372 11415 11444 11467 11478 11481 11505 11517 11545 
	}
	weather={
	}
}
