
strategic_region={
	id=84
	name="STRATEGICREGION_84"
	provinces={
		807 1011 1231 1286 1301 1329 1361 1456 1681 1906 2121 2263 2289 2315 2339 2489 2558 2585 2611 2636 2661 2686 2711 2735 2758 4304 4332 4352 4421 4684 4907 5124 5267 6810 7010 7235 7251 7324 7339 7352 7412 7461 7690 7918 8139 8260 8896 8898 8919 8942 10166 10206 12222 13027 13028 13029 13030 13031 13032 13033 13034 13035 13036 
	}
	naval_terrain=water_deep_ocean
	static_modifiers={
				water_modifier_shark_infested=always

	}
	weather={
	}
}
